start1
2,2000,0:00:01,
(0.1, -1.0, 1.0, 0.0, 0.0, 0.0, 0.0, 0.0, 0.0)
(0.18, -1.0, 1.0, 0.0, 0.0, 0.0, 0.0, 0.0, 0.0)
(0.26, -1.0, 1.0, 0.0, 0.0, 0.0, 0.0, 0.0, 0.0)
(0.34, -1.0, 1.0, 0.0, 0.0, 0.0, 0.0, 0.0, 0.0)
(0.42, -1.0, 1.0, 0.0, 0.0, 0.0, 0.0, 0.0, 0.0)
(0.5, -1.0, 1.0, 0.0, 0.0, 0.0, 0.0, 0.0, 0.0)
(0.58, -0.998, 0.999, 0.002827012557, 0.001413506279, 0.023757431629, 0.003444827586, 0.008403723417, 0.002437079791)
(0.66, -0.997, 0.9985, 0.003461502564, 0.001730751282, 0.027506887052, 0.004538636364, 0.007946516446, 0.002622350427)
(0.74, -0.989, 0.9945, 0.006614982993, 0.003307491497, 0.079908692476, 0.014783108108, 0.012079954334, 0.004469583103)
(0.82, -0.99, 0.995, 0.006308724118, 0.003154362059, 0.059190957763, 0.012134146341, 0.009382397558, 0.003846782999)
(0.9, -0.972, 0.986, 0.010508663093, 0.005254331546, 0.136335802469, 0.030675555556, 0.012973658139, 0.005838146163)
(0.98, -0.973, 0.9865, 0.010321918426, 0.005160959213, 0.110935027072, 0.027179081633, 0.010747520227, 0.005266284911)
(1.06, -0.963, 0.9815, 0.012052468627, 0.006026234313, 0.129282662869, 0.03425990566, 0.010726654171, 0.005685126711)
(1.13, -0.944, 0.972, 0.014755609103, 0.007377804551, 0.170512961078, 0.048169911504, 0.01155580633, 0.006529030577)
(1.21, -0.919, 0.9595, 0.017631732757, 0.008815866378, 0.212333856977, 0.064230991736, 0.012042710714, 0.007285839982)
(1.29, -0.908, 0.954, 0.018736915435, 0.009368457717, 0.21096809086, 0.068037209302, 0.011259488874, 0.007262370323)
(1.37, -0.878, 0.939, 0.021406354197, 0.010703177098, 0.244143001758, 0.083618978102, 0.011405165004, 0.007812538028)
(1.45, -0.882, 0.941, 0.021074913997, 0.010537456999, 0.211249464923, 0.076577931034, 0.010023740308, 0.007267211723)
(1.53, -0.848, 0.924, 0.023702151801, 0.011851075901, 0.239989747533, 0.091796078431, 0.010125230382, 0.007745801242)
(1.61, -0.843, 0.9215, 0.024056225805, 0.012028112903, 0.22325604722, 0.089860559006, 0.009280593266, 0.007470877579)
(1.69, -0.828, 0.914, 0.025076522885, 0.012538261442, 0.22017156262, 0.093022485207, 0.008779987705, 0.007419089611)
(1.77, -0.798, 0.899, 0.026951660431, 0.013475830216, 0.23185929969, 0.102597740113, 0.008602783501, 0.007613463399)
(1.85, -0.776, 0.888, 0.028207233115, 0.014103616557, 0.232475675676, 0.10752, 0.008241704343, 0.007623576518)
(1.93, -0.786, 0.893, 0.027647929398, 0.013823964699, 0.205215710489, 0.099016580311, 0.007422462186, 0.00716267601)
(2.01, -0.778, 0.889, 0.028096832562, 0.014048416281, 0.195399123784, 0.098188059701, 0.006954489384, 0.006989261831)
(2.09, -0.74, 0.87, 0.030079893617, 0.015039946808, 0.20713811497, 0.108229665072, 0.006886264879, 0.007196146798)
(2.17, -0.708, 0.854, 0.031582780118, 0.015791390059, 0.211826965958, 0.114916129032, 0.006707039886, 0.007277138276)
(2.25, -0.724, 0.862, 0.030848792521, 0.01542439626, 0.187979851852, 0.105738666667, 0.006093588646, 0.006855287227)
(2.33, -0.676, 0.838, 0.032955242375, 0.016477621188, 0.200049365433, 0.116528755365, 0.006070335128, 0.007071940424)
(2.41, -0.687, 0.8435, 0.032497107564, 0.016248553782, 0.181825726141, 0.10955, 0.005595135684, 0.006742138499)
(2.49, -0.658, 0.829, 0.033675985509, 0.016837992754, 0.182911888518, 0.113862650602, 0.005431522961, 0.006762246086)
(2.57, -0.667, 0.8335, 0.033319993998, 0.016659996999, 0.168090659965, 0.107998249027, 0.005044738603, 0.006482489105)
(2.65, -0.626, 0.813, 0.034874747311, 0.017437373655, 0.173193022428, 0.114740377358, 0.004966144152, 0.006580141002)
(2.73, -0.632, 0.816, 0.03465763985, 0.017328819925, 0.161165720726, 0.109995604396, 0.004650222041, 0.006347553086)
(2.81, -0.619, 0.8095, 0.035123752647, 0.017561876323, 0.156238902749, 0.109757829181, 0.004448240606, 0.006249778051)
(2.89, -0.61, 0.805, 0.035437268518, 0.017718634259, 0.150357395146, 0.108633217993, 0.004242917173, 0.006131015314)
(2.97, -0.583, 0.7915, 0.036334859295, 0.018167429648, 0.149669761589, 0.11112979798, 0.004119178235, 0.006116979679)
(3.04, -0.575, 0.7875, 0.036588932753, 0.018294466376, 0.144861279432, 0.110094572368, 0.003959155639, 0.006017916571)
(3.12, -0.555, 0.7775, 0.037201478465, 0.018600739233, 0.142171063445, 0.110893429487, 0.003821650894, 0.005961775395)
(3.2, -0.541, 0.7705, 0.03761167372, 0.01880583686, 0.138148242187, 0.11051859375, 0.003673015012, 0.005876824019)
(3.28, -0.544, 0.772, 0.037525031646, 0.018762515823, 0.130886377156, 0.107326829268, 0.003487975131, 0.005720279214)
(3.36, -0.515, 0.7575, 0.03833471012, 0.01916735506, 0.130168473639, 0.109341517857, 0.003395577356, 0.005704569958)
(3.44, -0.509, 0.7545, 0.038494648979, 0.019247324489, 0.125222924554, 0.107691715116, 0.003252995621, 0.005595152468)
(3.52, -0.514, 0.757, 0.038361543243, 0.019180771622, 0.118770015496, 0.104517613636, 0.003096069799, 0.005449082847)
(3.6, -0.505, 0.7525, 0.038599870466, 0.019299935233, 0.114965277778, 0.10346875, 0.002978385067, 0.00536109312)
(3.68, -0.489, 0.7445, 0.039009716738, 0.019504858369, 0.112369890123, 0.103380298913, 0.00288056155, 0.005300233252)
(3.76, -0.486, 0.743, 0.039084626134, 0.019542313067, 0.108052851969, 0.101569680851, 0.002764587068, 0.005197423688)
(3.84, -0.492, 0.746, 0.038934200904, 0.019467100452, 0.102801649306, 0.098689583333, 0.002640394484, 0.005069557409)
(3.92, -0.455, 0.7275, 0.039823987746, 0.019911993873, 0.103208949396, 0.101144770408, 0.002591627691, 0.005079590274)
(4.0, -0.45, 0.728, 0.03980110551, 0.01990055275, 0.099008, 0.099008, 0.00248756909, 0.00497513818)
end1
start2
10,10000,0:00:11,
(0.1, -0.99996, 0.99998, 0.000399979999, 0.00019999, 0.0159984, 0.00039996, 0.03999799995, 0.001999899997)
(0.18, -0.99816, 0.99768, 0.002706685057, 0.003702185301, 0.226115555556, 0.076145422222, 0.083539662266, 0.020567696114)
(0.26, -0.99996, 0.99998, 0.000399979999, 0.00019999, 0.002366627219, 0.000153830769, 0.005916863898, 0.000769192307)
(0.34, -0.99748, 0.99672, 0.003164884832, 0.004451114018, 0.086647889273, 0.058271811765, 0.027377896471, 0.013091511817)
(0.42, -0.99564, 0.99374, 0.004153300374, 0.006416239085, 0.097788571429, 0.098019342857, 0.023544786703, 0.015276759727)
(0.5, -0.99244, 0.99152, 0.005446876536, 0.006858636599, 0.118673856, 0.094081792, 0.021787506145, 0.013717273198)
(0.58, -0.96324, 0.9445, 0.011555389392, 0.019257141532, 0.396929322235, 0.639375, 0.034350146825, 0.033201968159)
(0.66, -0.95252, 0.93362, 0.012949768183, 0.020230100247, 0.384978181818, 0.62008629697, 0.029728577097, 0.030651667041)
(0.74, -0.94988, 0.93022, 0.013505549082, 0.020728422902, 0.333089583638, 0.580631778378, 0.024663164868, 0.0280113823)
(0.82, -0.87836, 0.8278, 0.019033578329, 0.030132235231, 0.538782129685, 1.10725804878, 0.028306927913, 0.03674662833)
(0.9, -0.86068, 0.81434, 0.020150915016, 0.03035364301, 0.501307871605, 1.02371516, 0.02487767286, 0.033726270012)
(0.98, -0.77876, 0.69582, 0.022534609471, 0.034729602301, 0.528747005414, 1.230760485714, 0.023463774959, 0.035438369695)
(1.06, -0.78236, 0.72446, 0.023496559408, 0.033364907972, 0.491356625134, 1.050204796226, 0.020911854225, 0.031476328276)
(1.13, -0.71416, 0.63766, 0.024362162137, 0.034588108419, 0.464809259926, 1.058705525664, 0.019079146478, 0.030608945503)
(1.21, -0.69072, 0.60142, 0.024565398755, 0.035072779131, 0.412170491087, 1.016611434711, 0.016778497886, 0.028985767877)
(1.29, -0.65712, 0.57746, 0.025668912248, 0.034546193481, 0.395945589808, 0.925146886822, 0.015425102006, 0.026779994946)
(1.37, -0.63184, 0.554, 0.025109801752, 0.033329266419, 0.335927403698, 0.810832116788, 0.013378337552, 0.024327931692)
(1.45, -0.5878, 0.5112, 0.027110728504, 0.033787950515, 0.349579833532, 0.787328, 0.012894520097, 0.023302034838)
(1.53, -0.60908, 0.56802, 0.028119308953, 0.033199590299, 0.337774162074, 0.720400520261, 0.012012178629, 0.021699078627)
(1.61, -0.53792, 0.50156, 0.028479128077, 0.031861821417, 0.312897162918, 0.630543890683, 0.010986894054, 0.019789951191)
(1.69, -0.5688, 0.50916, 0.026385329257, 0.031936827394, 0.243753930185, 0.603527185799, 0.009238237197, 0.018897531002)
(1.77, -0.5298, 0.46534, 0.027425528254, 0.031897129087, 0.240084139296, 0.574817425989, 0.008754038831, 0.018020976885)
(1.85, -0.48048, 0.43136, 0.027379366245, 0.029994757942, 0.219029860044, 0.486316488649, 0.007999814827, 0.016213382671)
(1.93, -0.48568, 0.45518, 0.02869755, 0.030727051209, 0.221093016188, 0.489197759585, 0.007704247094, 0.015920751922)
(2.01, -0.4654, 0.44378, 0.028511548537, 0.029618796667, 0.20120997005, 0.436454286567, 0.007057139313, 0.014735719735)
(2.09, -0.43204, 0.40752, 0.028643574917, 0.028916336144, 0.187828663263, 0.400073921531, 0.006557444865, 0.013835567533)
(2.17, -0.43088, 0.41552, 0.029033502303, 0.028492653369, 0.179010863684, 0.374115804608, 0.006165665506, 0.013130255009)
(2.25, -0.41524, 0.3813, 0.027728639058, 0.027910985293, 0.151877022025, 0.346232488889, 0.005477262036, 0.012404882352)
(2.33, -0.40132, 0.38384, 0.028783025831, 0.027881688328, 0.152602290703, 0.333643151931, 0.005301815438, 0.01196638984)
(2.41, -0.40516, 0.409, 0.029971548909, 0.029197088896, 0.154662237909, 0.353721991701, 0.005160301804, 0.012114974646)
(2.49, -0.38136, 0.38912, 0.028994577148, 0.027767899741, 0.135592249157, 0.309661146988, 0.004676469274, 0.011151766964)
(2.57, -0.36592, 0.38114, 0.029343236631, 0.027627576875, 0.13036163091, 0.296997277821, 0.004442646616, 0.010750029913)
(2.65, -0.35472, 0.36182, 0.029675195298, 0.026895778033, 0.125399389961, 0.272974670189, 0.004225730908, 0.010149350201)
(2.73, -0.34336, 0.366, 0.029190394036, 0.026622546835, 0.114328530371, 0.259619047619, 0.003916649094, 0.009751848658)
(2.81, -0.3452, 0.36086, 0.029416485174, 0.026950335879, 0.109589493547, 0.258477083274, 0.003725444862, 0.009590866861)
(2.89, -0.32064, 0.34188, 0.029093983983, 0.025431882667, 0.101346955137, 0.223799534948, 0.003483433386, 0.0087999594)
(2.97, -0.32832, 0.35628, 0.0302387132, 0.02655269508, 0.103660598805, 0.237389096296, 0.003428075729, 0.008940301374)
(3.04, -0.3264, 0.35744, 0.029765590873, 0.026527843184, 0.095869806094, 0.231488968421, 0.003220826575, 0.008726264205)
(3.12, -0.3184, 0.35156, 0.030672045905, 0.026326710087, 0.096644312952, 0.222146046154, 0.00315089229, 0.008438048105)
(3.2, -0.30448, 0.347, 0.0298737225, 0.025504313361, 0.087152275, 0.203271875, 0.002917355713, 0.007970097925)
(3.28, -0.31112, 0.37574, 0.031297978465, 0.026962094206, 0.091051035098, 0.221632476829, 0.002909166648, 0.008220150673)
(3.36, -0.29508, 0.33968, 0.029724029606, 0.025500097568, 0.078259454365, 0.193528266667, 0.002632868269, 0.007589314753)
(3.44, -0.28904, 0.34186, 0.030269436467, 0.025485631324, 0.077426884803, 0.188813198837, 0.002557922903, 0.007408613757)
(3.52, -0.28476, 0.3412, 0.030034603776, 0.025599718748, 0.072804544163, 0.186177727273, 0.002424022128, 0.007272647372)
(3.6, -0.26332, 0.33264, 0.030516647522, 0.024966904173, 0.07185692716, 0.173151751111, 0.002354679593, 0.006935251159)
(3.68, -0.26856, 0.3351, 0.029853563673, 0.024970380454, 0.065810732514, 0.169434755435, 0.002204451476, 0.006785429471)
(3.76, -0.26248, 0.33882, 0.030188780962, 0.024939327898, 0.064463734722, 0.165417573404, 0.002135354018, 0.006632799973)
(3.84, -0.25108, 0.33602, 0.030921648339, 0.024723786037, 0.064842958984, 0.159183748958, 0.002097008487, 0.006438485947)
(3.92, -0.2656, 0.3361, 0.030244444118, 0.024840448869, 0.059527696793, 0.157410178571, 0.001968219239, 0.006336849201)
(4.0, -0.2358, 0.3168, 0.0299987709, 0.02388718074, 0.056245391, 0.142649351, 0.00187492318, 0.00597179518)
end2
start3
50,50000,0:02:52,
(0.1, -0.9969264, 0.9880976, 0.004766009773, 0.017659485941, 2.271484915201, 3.11857443712, 0.476600977255, 0.176594859413)
(0.18, -0.9990576, 0.999076, 0.003008320813, 0.002836989813, 0.279320805926, 0.044713951111, 0.092849407799, 0.015761054518)
(0.26, -0.9988288, 0.9984664, 0.003066498741, 0.003771366271, 0.139103765207, 0.054704629046, 0.04536240741, 0.014505254889)
(0.34, -0.9920832, 0.968252, 0.005993247357, 0.02393006529, 0.310718113218, 1.684258896471, 0.051844700324, 0.070382544972)
(0.42, -0.9964128, 0.9932888, 0.004750052611, 0.009282542202, 0.127908162177, 0.205156166019, 0.02692773589, 0.022101290957)
(0.5, -0.981112, 0.894976, 0.007901732266, 0.053502556679, 0.2497494912, 5.7250471424, 0.031606929063, 0.107005113358)
(0.58, -0.9481184, 0.7398744, 0.010275902835, 0.067903313698, 0.313894705922, 7.949758640055, 0.030546679057, 0.11707467879)
(0.66, -0.9184096, 0.6205808, 0.013517452844, 0.075328798833, 0.419470916878, 8.597618081164, 0.031031801754, 0.114134543686)
(0.74, -0.8806656, 0.5074536, 0.016472335864, 0.070609346353, 0.495503741476, 6.7374051248, 0.03008096396, 0.095418035612)
(0.82, -0.8352768, 0.4686192, 0.019340107784, 0.065005014188, 0.55627568276, 5.153233987278, 0.028762801582, 0.079274407546)
(0.9, -0.8052432, 0.3478536, 0.018900535513, 0.055178873207, 0.441024990973, 3.383008942613, 0.023333994461, 0.061309859118)
(0.98, -0.757792, 0.2885528, 0.021586649504, 0.046077379272, 0.485197247813, 2.166453959804, 0.02247672793, 0.047017733951)
(1.06, -0.7216112, 0.2799168, 0.020970031038, 0.044978035238, 0.391368994062, 1.908512881026, 0.018663252971, 0.042432108715)
(1.13, -0.7082096, 0.2690264, 0.021860057717, 0.044105652757, 0.374236137044, 1.721512039958, 0.017119631699, 0.039031551113)
(1.21, -0.6810848, 0.274532, 0.023243381003, 0.046250044852, 0.369001270711, 1.767823676694, 0.015875541973, 0.038223177564)
(1.29, -0.6354064, 0.2480392, 0.024519595061, 0.04075140934, 0.36128270053, 1.287346793153, 0.014734448087, 0.031590239798)
(1.37, -0.6288864, 0.2515912, 0.024104713123, 0.039657864341, 0.309572803427, 1.14798993002, 0.012842832928, 0.028947346235)
(1.45, -0.597208, 0.2193824, 0.025480985789, 0.037718029224, 0.308813620357, 0.981137743801, 0.01211937493, 0.026012433947)
(1.53, -0.564976, 0.21954, 0.025813677987, 0.036845393471, 0.284653753343, 0.887309163399, 0.011027245071, 0.024081956517)
(1.61, -0.5508304, 0.2023808, 0.027141715528, 0.033719569831, 0.284199190537, 0.706217012154, 0.010470936896, 0.020943832193)
(1.69, -0.5227264, 0.1952744, 0.026226817137, 0.031983024173, 0.240833982407, 0.605274458717, 0.009182737697, 0.018924866374)
(1.77, -0.5084192, 0.2034168, 0.026199264371, 0.033600051695, 0.219094594008, 0.637832471123, 0.008362623885, 0.018983080054)
(1.85, -0.493552, 0.1937968, 0.028397316155, 0.032505298268, 0.235619449175, 0.57113211648, 0.008297243581, 0.017570431496)
(1.93, -0.4696096, 0.1974608, 0.027403072444, 0.03083583667, 0.201596923244, 0.492667784025, 0.007356727011, 0.015977117446)
(2.01, -0.46188, 0.1986688, 0.027784875022, 0.03258359396, 0.191084200886, 0.528204276283, 0.006877274083, 0.016210743264)
(2.09, -0.446192, 0.1832888, 0.027963457526, 0.030008745221, 0.179014893615, 0.430873105133, 0.006401743899, 0.014358251302)
(2.17, -0.4311056, 0.1816248, 0.028629825051, 0.030906555959, 0.174067591674, 0.440191336981, 0.006079939062, 0.014242652516)
(2.25, -0.4148272, 0.1802008, 0.028632004942, 0.030624976473, 0.161934164347, 0.416839637319, 0.00565570468, 0.013611100655)
(2.33, -0.4031696, 0.1725064, 0.029473623493, 0.028985656762, 0.160012982702, 0.36058725234, 0.005429023097, 0.012440196035)
(2.41, -0.3978272, 0.1725096, 0.028632973073, 0.028630073269, 0.14115582497, 0.340116637092, 0.004929834726, 0.011879698452)
(2.49, -0.3861808, 0.17264, 0.029391051114, 0.029456169473, 0.139325798869, 0.348460208835, 0.004740415657, 0.011829786937)
(2.57, -0.3717168, 0.1628744, 0.029695895842, 0.0270104219, 0.133513941148, 0.283876611374, 0.004496040189, 0.01050989179)
(2.65, -0.3632112, 0.1651248, 0.029379550877, 0.02771181014, 0.122913208932, 0.289790347641, 0.00418363131, 0.010457286845)
(2.73, -0.3446128, 0.1630224, 0.029569418388, 0.027722237552, 0.117316816784, 0.281510056744, 0.00396750505, 0.01015466577)
(2.81, -0.3446944, 0.1607048, 0.029807471051, 0.02710145315, 0.112522046381, 0.261383901369, 0.00377496119, 0.009644645249)
(2.89, -0.3331024, 0.162136, 0.029286426134, 0.027771565948, 0.102692108058, 0.266871929135, 0.003506474555, 0.00960953839)
(2.97, -0.3233888, 0.166328, 0.029148588332, 0.02819760665, 0.096321259931, 0.267712128215, 0.003304491416, 0.009494143653)
(3.04, -0.3152544, 0.158448, 0.029987950314, 0.025973485804, 0.097307518615, 0.22191512, 0.003244887283, 0.008543909804)
(3.12, -0.3138624, 0.1588792, 0.030313107616, 0.026824935981, 0.094395596371, 0.230633714862, 0.003114019109, 0.008597735891)
(3.2, -0.2981984, 0.1504936, 0.030268202984, 0.025587149469, 0.08946915155, 0.20459444311, 0.002955879198, 0.007995984209)
(3.28, -0.2964496, 0.1535048, 0.029717714128, 0.025125370024, 0.082088650077, 0.192464700868, 0.002762280091, 0.007660173788)
(3.36, -0.287352, 0.1541888, 0.030668990932, 0.02564485714, 0.083314466837, 0.195731755276, 0.0027165702, 0.007632397958)
(3.44, -0.2823504, 0.1577576, 0.029998169627, 0.02615173765, 0.076045343851, 0.198812029684, 0.002534999461, 0.007602249317)
(3.52, -0.2845472, 0.1455112, 0.030553345948, 0.024896420099, 0.075341147066, 0.176088560718, 0.002465888587, 0.007072846619)
(3.6, -0.2700416, 0.1545392, 0.030265516904, 0.02563310717, 0.070679129126, 0.182515606436, 0.00233530223, 0.007120307547)
(3.68, -0.2566256, 0.140764, 0.030774175395, 0.023956953379, 0.069932203393, 0.155960765, 0.00227243143, 0.006510041679)
(3.76, -0.2623376, 0.1495048, 0.030716646648, 0.025772941991, 0.066737804246, 0.176660781609, 0.002172691733, 0.006854505849)
(3.84, -0.2554704, 0.1428688, 0.030526076331, 0.023950442571, 0.063194535061, 0.1493811717, 0.002070182043, 0.006237094419)
(3.92, -0.244256, 0.1430144, 0.030497998675, 0.024293803112, 0.060529982507, 0.15055838511, 0.001984719822, 0.006197398753)
(4.0, -0.242489, 0.144184, 0.03064423754, 0.02477182082, 0.05869183091, 0.1534107768, 0.00191526484, 0.0061929552)
end3
start4
100,100000,0:09:05,
(0.1, -0.995632, 0.9847146, 0.005429333071, 0.019744651293, 2.947765760002, 3.89851254684, 0.542933307138, 0.19744651293)
(0.18, -0.9989516, 0.9975066, 0.002319414957, 0.00579112214, 0.166039683457, 0.186317198022, 0.071586881397, 0.03217290078)
(0.26, -0.999748, 0.9996614, 0.001085195651, 0.00152398655, 0.017420852071, 0.008932826938, 0.016053190097, 0.00586148673)
(0.34, -0.9993732, 0.998352, 0.001909322439, 0.005279281163, 0.031535572457, 0.081972969412, 0.016516630095, 0.015527297539)
(0.42, -0.9991388, 0.9990404, 0.002501406296, 0.002997051348, 0.035470711202, 0.021386468533, 0.014180307799, 0.007135836543)
(0.5, -0.9602344, 0.6159944, 0.009372689351, 0.091846991877, 0.351389222656, 16.871739833728, 0.037490757403, 0.183693983754)
(0.58, -0.9411496, 0.6700734, 0.012782700888, 0.083326971991, 0.485723668205, 11.971352174559, 0.037998516313, 0.143667193089)
(0.66, -0.909922, 0.347852, 0.012413097583, 0.087878476373, 0.353730467401, 11.700949408485, 0.028496550925, 0.133149206625)
(0.74, -0.8704788, 0.2853342, 0.015078523636, 0.061625071449, 0.415196996085, 5.131958690589, 0.027535653098, 0.083277123579)
(0.82, -0.8383056, 0.2982346, 0.01814671598, 0.068980791067, 0.489743160119, 5.802865288151, 0.026987977365, 0.084122915936)
(0.9, -0.8127432, 0.2731354, 0.018844996295, 0.065493353302, 0.438436895526, 4.765977029649, 0.023265427525, 0.072770392557)
(0.98, -0.7748196, 0.221538, 0.020809563801, 0.052499518623, 0.4508933211, 2.812448424082, 0.021667600792, 0.05357093737)
(1.06, -0.7289684, 0.2157272, 0.021019609419, 0.048643304966, 0.393221769441, 2.232236903789, 0.018707377554, 0.045889910345)
(1.13, -0.707262, 0.2064748, 0.024036371099, 0.050188449832, 0.452460753074, 2.22909778451, 0.018824004306, 0.044414557373)
(1.21, -0.6750256, 0.1692458, 0.023267125617, 0.040587455183, 0.369755573024, 1.361439271269, 0.015891759864, 0.033543351391)
(1.29, -0.6519064, 0.180869, 0.024402486839, 0.043582437792, 0.357839891776, 1.472425491395, 0.014664074778, 0.033784835498)
(1.37, -0.627544, 0.1528802, 0.025069088663, 0.037411934524, 0.334838939954, 1.02164441226, 0.013356645886, 0.027307981404)
(1.45, -0.6076088, 0.1607426, 0.024958898539, 0.038591320974, 0.296288521406, 1.027096589327, 0.011871057569, 0.02661470412)
(1.53, -0.5796364, 0.1732138, 0.027307895919, 0.041426136061, 0.318561740999, 1.121650162716, 0.011665554239, 0.027075905922)
(1.61, -0.5570192, 0.1449698, 0.026558634813, 0.036960650817, 0.272119549067, 0.848502924718, 0.010245991595, 0.022956925973)
(1.69, -0.5326, 0.1418046, 0.025600671866, 0.034717965693, 0.229471797206, 0.713217243718, 0.008963506833, 0.020543174966)
(1.77, -0.509254, 0.1336638, 0.02712394419, 0.034021358835, 0.23483301363, 0.653928167772, 0.008657775285, 0.019221106686)
(1.85, -0.493788, 0.1370994, 0.027662312007, 0.032969134838, 0.223580279211, 0.587548028089, 0.008082487073, 0.017821153966)
(1.93, -0.4757044, 0.1352788, 0.027987303944, 0.032682273897, 0.210284620275, 0.553435765314, 0.007513571893, 0.016933820672)
(2.01, -0.4588692, 0.125252, 0.027511512665, 0.029255837872, 0.187342721501, 0.425822910249, 0.006809611808, 0.01455514322)
(2.09, -0.4418304, 0.1306062, 0.02843728826, 0.031624927702, 0.185132978545, 0.478533996247, 0.006510219148, 0.015131544355)
(2.17, -0.4303156, 0.12826, 0.029920729264, 0.030468784682, 0.1901187198, 0.427809603687, 0.006354080414, 0.0140409146)
(2.25, -0.4253432, 0.1256202, 0.027190870184, 0.030312125217, 0.146043144963, 0.408366637865, 0.005371036086, 0.013472055652)
(2.33, -0.4036256, 0.1208902, 0.029511338541, 0.030215194098, 0.160422756445, 0.391827448239, 0.005435970186, 0.012967894463)
(2.41, -0.3961732, 0.1220706, 0.029193087541, 0.030526559937, 0.146732384115, 0.386668407288, 0.005026271507, 0.01266662238)
(2.49, -0.3846616, 0.1203646, 0.029302282309, 0.029887213097, 0.138485467741, 0.358733135214, 0.004726098339, 0.012002896826)
(2.57, -0.378342, 0.115477, 0.02962734385, 0.029300693628, 0.132898227619, 0.334058617549, 0.004485661229, 0.011401048104)
(2.65, -0.3643684, 0.123247, 0.029087848118, 0.030226261745, 0.120484572181, 0.344764867585, 0.004142093004, 0.011406136508)
(2.73, -0.3470168, 0.1151564, 0.029328724005, 0.02869972045, 0.115414677746, 0.301712071027, 0.003935209651, 0.010512718114)
(2.81, -0.3405776, 0.116338, 0.029908745173, 0.027419288386, 0.11328795707, 0.267550667473, 0.003787787031, 0.009757753874)
(2.89, -0.3358372, 0.1183122, 0.030058048999, 0.028146778379, 0.108174747622, 0.274131879971, 0.003598861244, 0.009739369681)
(2.97, -0.3257408, 0.1123784, 0.030757378327, 0.02741373235, 0.107247142756, 0.253034586311, 0.003486875299, 0.009230212912)
(3.04, -0.3211124, 0.1143448, 0.030390042064, 0.0275295091, 0.09993449799, 0.249300615558, 0.003288396172, 0.009055759572)
(3.12, -0.3133136, 0.1135422, 0.030118798208, 0.027110508699, 0.093189308586, 0.235570410871, 0.003094058001, 0.008689265609)
(3.2, -0.3017384, 0.1072876, 0.029963314178, 0.026621230036, 0.087675800444, 0.221465590195, 0.0029261049, 0.008319134386)
(3.28, -0.29557, 0.1079072, 0.030554487559, 0.026221891976, 0.086776538333, 0.20963037159, 0.002840058704, 0.007994479261)
(3.36, -0.2885984, 0.1046448, 0.030450516445, 0.025890465104, 0.082131692154, 0.199498864076, 0.002697218364, 0.007705495567)
(3.44, -0.282326, 0.1123706, 0.030177524292, 0.02785226069, 0.076957390177, 0.225508263245, 0.002550155852, 0.00809658741)
(3.52, -0.2816024, 0.104738, 0.030977295418, 0.025253545011, 0.077446477226, 0.181176572614, 0.00250010455, 0.00717430256)
(3.6, -0.2677876, 0.1075, 0.030212304259, 0.0269531705, 0.070430812394, 0.201798166667, 0.002331196316, 0.007486991806)
(3.68, -0.2649908, 0.101012, 0.030208429147, 0.023796369168, 0.067384598855, 0.153876952609, 0.002230655508, 0.006466404665)
(3.76, -0.2616852, 0.105543, 0.030625806277, 0.025337290998, 0.066343651687, 0.17073891359, 0.002166266288, 0.006738641223)
(3.84, -0.2560692, 0.1043218, 0.029797511325, 0.025366872186, 0.060214008324, 0.167572449082, 0.002020773066, 0.006605956298)
(3.92, -0.2473108, 0.1003234, 0.030576710424, 0.024269246821, 0.060842827229, 0.150254168685, 0.001989842151, 0.006191134393)
(4.0, -0.246165, 0.101047, 0.03018354746, 0.02488807536, 0.0569404086, 0.15485407383, 0.00188647171, 0.00622201884)
end4
