start1
4,100000,0:02:55,
(0.1, -2.0, 1.0, 0.0, 0.0)
(0.2, -2.0, 1.0, 0.0, 0.0)
(0.3, -2.0, 1.0, 0.0, 0.0)
(0.4, -2.0, 1.0, 0.0, 0.0)
(0.5, -2.0, 1.0, 0.0, 0.0)
(0.6, -2.0, 1.0, 0.0, 0.0)
(0.7, -1.99992, 0.99998, 0.00016, 3.99994e-05)
(0.8, -1.99956, 0.99985, 0.00037519, 0.000135634007)
(0.9, -1.99814, 0.999395, 0.00077114, 0.000265973953)
(1.0, -1.99516, 0.998405, 0.00124301, 0.000434505286)
(1.1, -1.99244, 0.9975, 0.00155244, 0.000544612675)
(1.2, -1.9859, 0.995315, 0.00211666, 0.000746253102)
(1.3, -1.97618, 0.992085, 0.00275138, 0.000969116007)
(1.4, -1.96344, 0.98785, 0.00338902, 0.00119582386)
(1.5, -1.9478, 0.982685, 0.00404131, 0.00142255079)
(1.6, -1.9255, 0.975295, 0.00479352, 0.00168913428)
(1.7, -1.89622, 0.96545, 0.00562724, 0.00199023798)
(1.8, -1.86152, 0.954145, 0.00643324, 0.00226680886)
(1.9, -1.8475, 0.949425, 0.00673696, 0.00237655288)
(2.0, -1.81028, 0.937015, 0.00743365, 0.00262909328)
(2.1, -1.76088, 0.920245, 0.0082453, 0.00293208942)
(2.2, -1.73148, 0.91065, 0.00866941, 0.00307797777)
(2.3, -1.684, 0.89475, 0.00927784, 0.00330243835)
(2.4, -1.65552, 0.88544, 0.00961781, 0.00341963126)
(2.5, -1.60772, 0.86967, 0.0101329, 0.00360288556)
(2.6, -1.55274, 0.851435, 0.01064215, 0.00379044776)
(2.7, -1.50644, 0.83567, 0.01102844, 0.00394241799)
(2.8, -1.46838, 0.823645, 0.01132663, 0.00403687865)
(2.9, -1.45396, 0.81897, 0.01141794, 0.00407075766)
(3.0, -1.40754, 0.80389, 0.01174502, 0.00418295516)
(3.1, -1.36368, 0.78931, 0.01200577, 0.00428272568)
(3.2, -1.31394, 0.772785, 0.01227323, 0.00438510288)
(3.3, -1.28676, 0.763895, 0.0123792, 0.00442905236)
(3.4, -1.25414, 0.753265, 0.0125142, 0.0044805463)
(3.5, -1.22692, 0.743975, 0.01262047, 0.00452822227)
(3.6, -1.19972, 0.73588, 0.01274916, 0.00455784026)
(3.7, -1.16022, 0.722795, 0.01288584, 0.00461278602)
(3.8, -1.13586, 0.715035, 0.01295427, 0.0046374785)
(3.9, -1.10962, 0.705915, 0.01301122, 0.00467209378)
(4.0, -1.0671, 0.69267, 0.0131374, 4.70795462)
end1
start2
16,100000,0:05:30,
(0.1, -1.99995, 0.999985, 0.00028843, 8.94399463e-05)
(0.2, -1.99984, 0.99995875, 0.00046297, 0.000121637954)
(0.3, -1.9999875, 0.99999625, 0.00014422, 4.47211807e-05)
(0.4, -1.99972, 0.99992125, 0.00065223, 0.000190747183)
(0.5, -1.9999025, 0.99997125, 0.00039797, 0.000121647162)
(0.6, -1.9996075, 0.9998775, 0.00083019, 0.000265258907)
(0.7, -1.99976, 0.9999375, 0.00057119, 0.000152283393)
(0.8, -1.9993525, 0.99982875, 0.00094854, 0.000258312972)
(0.9, -1.9990725, 0.9997575, 0.00112544, 0.000301745533)
(1.0, -1.997525, 0.999375, 0.00178895, 0.000454974802)
(1.1, -1.9944, 0.998575, 0.00270522, 0.000696567622)
(1.2, -1.986905, 0.9964925, 0.00429469, 0.00126385182)
(1.3, -1.9812125, 0.9949775, 0.00510065, 0.00145253014)
(1.4, -1.96697, 0.99098125, 0.00686099, 0.00205937309)
(1.5, -1.9529575, 0.9868, 0.00823851, 0.00258139734)
(1.6, -1.92446, 0.9780025, 0.01059952, 0.00360041264)
(1.7, -1.8962725, 0.96875625, 0.01259517, 0.00453043101)
(1.8, -1.853595, 0.9532675, 0.01539716, 0.00591870749)
(1.9, -1.818355, 0.94323375, 0.01678303, 0.00618205628)
(2.0, -1.76314, 0.92226625, 0.01935612, 0.00768562937)
(2.1, -1.679935, 0.8892, 0.02236142, 0.00946652511)
(2.2, -1.6054675, 0.85953125, 0.02452236, 0.010744347)
(2.3, -1.5592675, 0.8439575, 0.02502615, 0.0109473964)
(2.4, -1.450005, 0.79449375, 0.02780934, 0.0127811587)
(2.5, -1.37407, 0.76284875, 0.02846392, 0.0133536644)
(2.6, -1.314045, 0.73577625, 0.0292529, 0.0140356846)
(2.7, -1.2055725, 0.6878075, 0.02947401, 0.0145300609)
(2.8, -1.121065, 0.64964375, 0.02975115, 0.014905405)
(2.9, -1.1004375, 0.6426825, 0.02946146, 0.0147793419)
(3.0, -0.9987775, 0.59325625, 0.02970829, 0.0151944162)
(3.1, -0.95588, 0.57307375, 0.02909292, 0.0150798427)
(3.2, -0.894375, 0.5441875, 0.02848299, 0.0150118275)
(3.3, -0.845385, 0.52090875, 0.02790577, 0.0149000755)
(3.4, -0.82829, 0.513315, 0.0281729, 0.0149899562)
(3.5, -0.7790425, 0.49011125, 0.02756363, 0.0147854067)
(3.6, -0.7499125, 0.47556, 0.02717221, 0.0146462631)
(3.7, -0.7084125, 0.4611625, 0.02607926, 0.0141791336)
(3.8, -0.67027, 0.4385875, 0.02555612, 0.0140938483)
(3.9, -0.63973, 0.4240825, 0.02518059, 0.0139008294)
(4.0, -0.62306, 0.4158012, 0.0244195, 1.36004305)
end2
start3
64,100000,0:13:30,
(0.1, -1.9993275, 0.99977063, 0.00375585, 0.00138256)
(0.2, -1.99907562, 0.99974, 0.00481585, 0.00135575)
(0.3, -1.99924188, 0.99977906, 0.00379608, 0.00115966)
(0.4, -1.99915875, 0.99976, 0.00427944, 0.00123355)
(0.5, -1.99949062, 0.99983188, 0.00356437, 0.00118611)
(0.6, -1.9988775, 0.99958781, 0.00534624, 0.00198411)
(0.7, -1.99915187, 0.99976438, 0.00342711, 0.00103273)
(0.8, -1.99868563, 0.99962031, 0.00508629, 0.00159051)
(0.9, -1.99755625, 0.99933719, 0.0047624, 0.00140799)
(1.0, -1.9959625, 0.99896312, 0.00580963, 0.00158795)
(1.1, -1.9922575, 0.99799125, 0.0071565, 0.00192613)
(1.2, -1.98783875, 0.99676844, 0.00852557, 0.00236692)
(1.3, -1.97764937, 0.99406, 0.01217574, 0.00343157)
(1.4, -1.96763438, 0.99115031, 0.01439897, 0.00434271)
(1.5, -1.95446688, 0.98744188, 0.01628747, 0.00490018)
(1.6, -1.93092875, 0.98045625, 0.02057436, 0.00646221)
(1.7, -1.9071375, 0.97338594, 0.02375048, 0.00750668)
(1.8, -1.86229313, 0.9572, 0.03098365, 0.0122429)
(1.9, -1.81458188, 0.94220531, 0.03492945, 0.01283903)
(2.0, -1.73544937, 0.90868656, 0.04284316, 0.01909853)
(2.1, -1.67974438, 0.87956125, 0.0513018, 0.02937903)
(2.2, -1.58758938, 0.83599375, 0.05557662, 0.03395629)
(2.3, -1.437255, 0.74691875, 0.06365934, 0.04474007)
(2.4, -1.30047312, 0.65286281, 0.06704936, 0.05157398)
(2.5, -1.22422875, 0.61250344, 0.06693782, 0.04979222)
(2.6, -1.09168938, 0.50652438, 0.06314905, 0.0541929)
(2.7, -1.02747937, 0.47953812, 0.06308621, 0.05076528)
(2.8, -0.94530687, 0.40515375, 0.05580627, 0.04965901)
(2.9, -0.87410813, 0.35389656, 0.05566523, 0.04699823)
(3.0, -0.84571063, 0.33725, 0.05356246, 0.04588835)
(3.1, -0.8003175, 0.30905031, 0.04923699, 0.04240355)
(3.2, -0.74779187, 0.29659031, 0.04727252, 0.04009014)
(3.3, -0.73539813, 0.28410125, 0.04995227, 0.04141641)
(3.4, -0.68914312, 0.25292875, 0.04540983, 0.03717883)
(3.5, -0.65579062, 0.25679344, 0.04592993, 0.03681173)
(3.6, -0.63087375, 0.22832844, 0.04379357, 0.03323895)
(3.7, -0.6236725, 0.2367825, 0.04528042, 0.03492129)
(3.8, -0.59590438, 0.21729813, 0.04309221, 0.03232203)
(3.9, -0.56067, 0.20586594, 0.04236292, 0.03047089)
(4.0, -0.5651512, 0.2138115, 0.0431017, 0.0317642)
end3
start4
100,100000,0:20:23,
(0.1, -1.9987976, 0.9996566, 0.00827121, 0.0023861)
(0.2, -1.9991, 0.9997548, 0.00681618, 0.00192344)
(0.3, -1.999254, 0.9997986, 0.00625184, 0.00170586)
(0.4, -1.99917, 0.999769, 0.00655417, 0.00185146)
(0.5, -1.998724, 0.9996372, 0.00883038, 0.00256509)
(0.6, -1.997588, 0.9991448, 0.01171988, 0.00408419)
(0.7, -1.9985536, 0.999577, 0.00811849, 0.00242952)
(0.8, -1.9986148, 0.999615, 0.00708163, 0.00206321)
(0.9, -1.9976164, 0.9992286, 0.00806259, 0.00284847)
(1.0, -1.9966104, 0.9991028, 0.00856153, 0.00247297)
(1.1, -1.9936924, 0.9983202, 0.01169145, 0.00327376)
(1.2, -1.9886456, 0.9970532, 0.01124798, 0.00299969)
(1.3, -1.9788688, 0.9943954, 0.01641305, 0.00476188)
(1.4, -1.9639476, 0.990247, 0.01970817, 0.00577157)
(1.5, -1.9563764, 0.9880446, 0.02061289, 0.00608214)
(1.6, -1.926382, 0.9792994, 0.02722234, 0.00841128)
(1.7, -1.8879304, 0.9669304, 0.0356589, 0.01213043)
(1.8, -1.8491756, 0.9526464, 0.04048489, 0.01547074)
(1.9, -1.8099568, 0.93749, 0.04469746, 0.01902619)
(2.0, -1.7324456, 0.9073026, 0.05322166, 0.02429469)
(2.1, -1.6743564, 0.881624, 0.05953718, 0.0303881)
(2.2, -1.5367512, 0.8015648, 0.07096793, 0.0494517)
(2.3, -1.3986728, 0.7120756, 0.07844326, 0.06228998)
(2.4, -1.2880972, 0.6323984, 0.08219601, 0.07202752)
(2.5, -1.1924972, 0.5573196, 0.08878346, 0.08297804)
(2.6, -1.0771492, 0.4451752, 0.07384242, 0.0783813)
(2.7, -0.9863084, 0.3727116, 0.07156581, 0.07490597)
(2.8, -0.9231552, 0.3395364, 0.06674996, 0.06653331)
(2.9, -0.8831552, 0.3241046, 0.06352782, 0.06300132)
(3.0, -0.8189104, 0.2827516, 0.05907698, 0.0586781)
(3.1, -0.7870788, 0.2456464, 0.05851921, 0.05546946)
(3.2, -0.7244232, 0.226384, 0.05823311, 0.04948393)
(3.3, -0.7123104, 0.2216038, 0.0596907, 0.05103366)
(3.4, -0.6789968, 0.2170068, 0.05554645, 0.04805608)
(3.5, -0.670944, 0.206783, 0.0571297, 0.04919062)
(3.6, -0.6499184, 0.2040428, 0.05700361, 0.048235)
(3.7, -0.6101356, 0.1697246, 0.05362728, 0.04086243)
(3.8, -0.594056, 0.1735946, 0.05121584, 0.04240759)
(3.9, -0.5781708, 0.1730152, 0.05362341, 0.04045937)
(4.0, -0.567338, 0.171377, 0.0533539, 0.0402973)
end4
start5
400,100000,1:18:49,
(0.1, -1.9964528, 0.9988404, 0.04889326, 0.01553408)
(0.2, -1.9951541, 0.9985327, 0.06152616, 0.01911761)
(0.3, -1.9957604, 0.9985886, 0.05096044, 0.01648064)
(0.4, -1.9961104, 0.99885815, 0.0559237, 0.01671407)
(0.5, -1.9956342, 0.998573, 0.05136349, 0.01663757)
(0.6, -1.9959719, 0.99883785, 0.05041948, 0.01479392)
(0.7, -1.9949926, 0.99845965, 0.05625675, 0.0177889)
(0.8, -1.9927538, 0.99664605, 0.06414778, 0.02663498)
(0.9, -1.9940094, 0.9982829, 0.05698414, 0.01757177)
(1.0, -1.9935358, 0.9980594, 0.05388296, 0.01717297)
(1.1, -1.991626, 0.99761715, 0.05908841, 0.01844264)
(1.2, -1.9837587, 0.9953454, 0.06040842, 0.02044512)
(1.3, -1.9738762, 0.99254765, 0.0654141, 0.02277595)
(1.4, -1.9604642, 0.98879085, 0.0708131, 0.02396587)
(1.5, -1.9492475, 0.98526595, 0.07334201, 0.02603583)
(1.6, -1.9233476, 0.97817795, 0.08118749, 0.02689507)
(1.7, -1.903163, 0.97148485, 0.08094577, 0.02788552)
(1.8, -1.8700648, 0.9601958, 0.08971047, 0.03324104)
(1.9, -1.7971504, 0.9347936, 0.10063231, 0.03858613)
(2.0, -1.7373358, 0.9088729, 0.1182424, 0.05207517)
(2.1, -1.6524419, 0.8645252, 0.12389961, 0.07713159)
(2.2, -1.5655152, 0.8154242, 0.17764793, 0.12539971)
(2.3, -1.4472724, 0.72349615, 0.15222323, 0.15667261)
(2.4, -1.1680335, 0.27888255, 0.13600235, 0.2850939)
(2.5, -1.1959101, 0.4986417, 0.17361248, 0.2124646)
(2.6, -1.0768743, 0.34072235, 0.1675743, 0.26324807)
(2.7, -0.9752488, 0.2358503, 0.13726909, 0.22824242)
(2.8, -0.9018614, 0.17602035, 0.11700026, 0.15691141)
(2.9, -0.8757797, 0.1491558, 0.12904006, 0.15701601)
(3.0, -0.8412465, 0.14933905, 0.12592887, 0.14966633)
(3.1, -0.7814849, 0.1306774, 0.13303291, 0.14655313)
(3.2, -0.7324892, 0.121082, 0.12166647, 0.12384337)
(3.3, -0.713582, 0.11748145, 0.12248848, 0.11518949)
(3.4, -0.711754, 0.1073893, 0.11607863, 0.11678402)
(3.5, -0.679612, 0.12146475, 0.11577564, 0.13014962)
(3.6, -0.6424732, 0.0950742, 0.1116718, 0.11817818)
(3.7, -0.6165563, 0.1060193, 0.11007663, 0.09908275)
(3.8, -0.6038462, 0.10450085, 0.11602558, 0.10906284)
(3.9, -0.5712245, 0.07967125, 0.11046052, 0.09132608)
(4.0, -0.568402, 0.0952662, 0.1203202, 0.1144048)
end5
